11045 0.0488008 0.537484  0.413716
10937 0.427288 0.41015  0.162562
17713 0.707286 0.242493  0.0502212
19947 0.459853 0.131876  0.408271
16448 0.39389 0.324499  0.281611
19362 0.0664847 0.843001  0.0905147
12245 0.244534 0.286004  0.469462
8954 0.300587 0.200407  0.499006
8081 0.141539 0.355857  0.502604
7162 0.727028 0.145355  0.127617
21698 0.0321057 0.560199  0.407695
15209 0.170223 0.43909  0.390687
16214 0.30301 0.386165  0.310826
1054 0.236974 0.491481  0.271545
24358 0.419362 0.441241  0.139397
13734 0.545408 0.338959  0.115633
17054 0.19276 0.448537  0.358702
945 0.478338 0.0906606  0.431002
11311 0.378911 0.213262  0.407827
12071 0.0853522 0.467814  0.446834
4028 0.330455 0.287614  0.38193
3183 0.430353 0.0404926  0.529155
11649 0.0885836 0.778716  0.132701
4046 0.496031 0.0176221  0.486347
6520 0.158072 0.348579  0.493348
24675 0.426967 0.162878  0.410155
2121 0.361347 0.363606  0.275047
435 0.131517 0.584037  0.284447
9588 0.304526 0.305873  0.389601
9722 0.0865498 0.200343  0.713107
14436 0.387642 0.338552  0.273806
7292 0.194285 0.657236  0.148479
8681 0.447577 0.453219  0.099204
25141 0.429945 0.26193  0.308125
9569 0.439013 0.505673  0.055314
28332 0.342445 0.350774  0.306781
23823 0.242305 0.0134352  0.74426
11819 0.274297 0.34737  0.378333
6342 0.60534 0.0864421  0.308218
3913 0.300002 0.420011  0.279987
