25880 0.255322 0.357511  0.387167
21319 0.276942 0.175728  0.54733
8284 0.0265724 0.958248  0.0151797
5596 0.108779 0.109118  0.782103
20165 0.249043 0.422198  0.328759
1615 0.372927 0.317629  0.309445
11849 0.343295 0.326677  0.330028
14690 0.256049 0.406941  0.33701
19433 0.352339 0.133792  0.513869
19446 0.266573 0.330704  0.402723
2068 0.483255 0.241781  0.274964
3908 0.274249 0.30132  0.424431
17856 0.375223 0.146646  0.478131
26064 0.37601 0.253394  0.370595
24951 0.221408 0.301076  0.477515
25351 0.2763 0.318398  0.405302
8063 0.307554 0.626084  0.0663619
14527 0.184854 0.512539  0.302607
19314 0.553977 0.241639  0.204384
10448 0.00931121 0.498119  0.49257
5230 0.389177 0.224843  0.385981
14830 0.0798418 0.273572  0.646586
12773 0.154821 0.487412  0.357767
11811 0.0368777 0.478455  0.484667
26502 0.449312 0.147768  0.402919
22466 0.417233 0.322061  0.260706
11169 0.309487 0.544725  0.145788
10268 0.481766 0.293096  0.225138
26642 0.180698 0.341506  0.477796
5274 0.717345 0.0432237  0.239432
6529 0.521683 0.0193813  0.458936
14534 0.416366 0.499101  0.0845333
4058 0.150442 0.200992  0.648566
16869 0.292099 0.610143  0.0977583
11391 0.158532 0.267434  0.574034
12122 0.414107 0.376184  0.209709
15825 0.0764164 0.385112  0.538472
28045 0.456991 0.232566  0.310443
17452 0.854837 0.0410054  0.104158
10484 0.370675 0.221229  0.408096
1593 0.470553 0.160214  0.369233
8539 0.559486 0.434168  0.00634612
6314 0.475238 0.0231356  0.501626
22955 0.345007 0.171043  0.48395
21433 0.190753 0.590975  0.218273
6022 0.469338 0.176326  0.354336
28260 0.333447 0.375298  0.291255
12348 0.283711 0.358218  0.358071
4142 0.400826 0.0476201  0.551554
8951 0.618103 0.239886  0.142011
22512 0.0414058 0.562614  0.395981
11626 0.0226272 0.509761  0.467612
6859 0.183454 0.450569  0.365976
3612 0.366238 0.327411  0.306351
11215 0.333642 0.272346  0.394012
6187 0.0156849 0.558359  0.425956
24728 0.426254 0.510099  0.0636472
5189 0.12736 0.414989  0.457651
6923 0.349723 0.256682  0.393595
18715 0.503016 0.151841  0.345143
14412 0.511015 0.136819  0.352167
13228 0.0540085 0.251089  0.694902
17309 0.410138 0.425611  0.164251
15551 0.54134 0.182045  0.276615
21732 0.593518 0.187494  0.218987
1432 0.660197 0.169321  0.170481
16461 0.494986 0.488336  0.016678
23449 0.0135112 0.0980946  0.888394
5200 0.221855 0.336914  0.44123
9990 0.180007 0.526665  0.293329
24134 0.345303 0.0579586  0.596738
20565 0.317309 0.491696  0.190995
8938 0.367735 0.155078  0.477187
20183 0.459852 0.327471  0.212677
1009 0.584758 0.0271207  0.388121
4487 0.323696 0.523355  0.152949
23008 0.349234 0.0295649  0.621201
23442 0.261998 0.604927  0.133075
29162 0.361534 0.273213  0.365253
21041 0.344163 0.479296  0.176541
8926 0.0810875 0.356831  0.562082
27940 0.422465 0.309344  0.26819
23827 0.465008 0.058099  0.476893
8065 0.293534 0.406687  0.299779
8334 0.60458 0.208761  0.186659
5471 0.588245 0.25597  0.155785
6334 0.398808 0.0930324  0.508159
14002 0.0193852 0.915473  0.0651419
25950 0.325365 0.255135  0.419499
13723 0.378821 0.39541  0.225769
13421 0.538242 0.296835  0.164923
27630 0.642977 0.333674  0.0233492
16627 0.412977 0.0719752  0.515048
1888 0.382011 0.582426  0.0355639
5010 0.0955329 0.133258  0.771209
14987 0.382756 0.484408  0.132836
5852 0.421041 0.343945  0.235014
894 0.161809 0.424317  0.413874
6520 0.387237 0.0210434  0.59172
18564 0.213661 0.519829  0.266509
20401 0.536032 0.148468  0.3155
4737 0.328664 0.661661  0.00967484
3728 0.641325 0.0620271  0.296648
952 0.140691 0.445049  0.41426
22443 0.0927271 0.42078  0.486493
11415 0.266246 0.411784  0.321969
5060 0.339138 0.407783  0.253079
13813 0.414646 0.470185  0.115168
3657 0.376952 0.164332  0.458715
8554 0.473291 0.0166843  0.510025
